
=== TEST #300000 ===
    1     0     0     0     0     0     0 
    0     2     0     0     0     0     0 
    0     0     3     0     0     0     0 
    0     0     0     0     0     0     0 
    0     0     0     0     6     0     0 
    0     0     0     0     0     5     0 
    0     0     0     0     0     0     4 
=== TEST #300001 ===
1;2;3;0;6;5;4;
=== TEST #300002 ===
-54;-96;97;-66;
=== TEST #300003 ===
-54;57;-55;-83;
=== TEST #300004 ===
Pass

=== TEST #301000 ===
   26   -57    99   -73 
   61    -8   -23    96 
=== TEST #301001 ===
   26   -57    99   -73 
   61    -8   -23    96 
    0     0     0     0 
    0     0     0     0 
    0     0     0     0 
    0     0     0     0 
=== TEST #301002 ===
   26   -57 
   61    -8 
   16    57 
   23    91 
=== TEST #301003 ===
   26   -57     0     0     0     0 
   61    -8     0     0     0     0 
   16    57     0     0     0     0 
   23    91     0     0     0     0 
=== TEST #301004 ===
   26   -57 
   61    -8 
=== TEST #301005 ===
   26   -57     0     0 
   61    -8     0     0 
    0     0     0     0 
    0     0     0     0 
=== TEST #301006 ===
   26   -57    99   -73 
   61    -8   -23    96 
   16    57    97    17 
   23    91   -95   -25 
=== TEST #301007 ===
   26   -57    99   -73     0 
   61    -8   -23    96     0 
   16    57    97    17     0 
   23    91   -95   -25     0 
    0     0     0     0     0 
=== TEST #301008 ===


=== TEST #302000 ===
Pass: matrix_negative_size
=== TEST #302001 ===
Pass: matrix_negative_size
=== TEST #302002 ===
Pass: matrix_negative_size

=== TEST #303000 ===
  552  2070 -1380  3818   552  2070 -1380  3818 
 -480 -1800  1200 -3320  -480 -1800  1200 -3320 
 -336 -1260   840 -2324  -336 -1260   840 -2324 
 -396 -1485   990 -2739  -396 -1485   990 -2739 
=== TEST #303001 ===
  552  2070 -1380  3818   -54   -36   -37   -49    59   -33 
 -480 -1800  1200 -3320   -80    57   -93   -36    94    24 
 -336 -1260   840 -2324   -48   -45   -55   -48   -98   -68 
 -396 -1485   990 -2739    28    24   -31   -83   -89    75 
=== TEST #303002 ===
  -54   -36   -37   -49    59   -33   552  2070 -1380  3818 
  -80    57   -93   -36    94    24  -480 -1800  1200 -3320 
  -48   -45   -55   -48   -98   -68  -336 -1260   840 -2324 
   28    24   -31   -83   -89    75  -396 -1485   990 -2739 
=== TEST #303003 ===
Pass
=== TEST #303004 ===
Pass: matrix_bad_sizes
=== TEST #303005 ===
Pass: matrix_bad_sizes
=== TEST #303006 ===
Pass: matrix_bad_sizes

=== TEST #304000 ===
  552  2070 -1380  3818 
 -480 -1800  1200 -3320 
 -336 -1260   840 -2324 
 -396 -1485   990 -2739 
  552  2070 -1380  3818 
 -480 -1800  1200 -3320 
 -336 -1260   840 -2324 
 -396 -1485   990 -2739 
=== TEST #304001 ===
  552  2070 -1380  3818 
 -480 -1800  1200 -3320 
 -336 -1260   840 -2324 
 -396 -1485   990 -2739 
  -54    13    46    82 
  -84   -96    43   -25 
   95    16    97    74 
  -44    70   -35   -66 
   99   -74    23    19 
  -99   -31    54    55 
=== TEST #304002 ===
  -54    13    46    82 
  -84   -96    43   -25 
   95    16    97    74 
  -44    70   -35   -66 
   99   -74    23    19 
  -99   -31    54    55 
  552  2070 -1380  3818 
 -480 -1800  1200 -3320 
 -336 -1260   840 -2324 
 -396 -1485   990 -2739 
=== TEST #304003 ===
Pass

=== TEST #305000 ===
Pass: matrix_bad_sizes
=== TEST #305001 ===
Pass: matrix_bad_sizes
=== TEST #305002 ===
Pass: matrix_bad_sizes

=== TEST #306000 ===
  552  2070 -1380  3818     0     0     0     0 
 -480 -1800  1200 -3320     0     0     0     0 
 -336 -1260   840 -2324     0     0     0     0 
 -396 -1485   990 -2739     0     0     0     0 
    0     0     0     0   552  2070 -1380  3818 
    0     0     0     0  -480 -1800  1200 -3320 
    0     0     0     0  -336 -1260   840 -2324 
    0     0     0     0  -396 -1485   990 -2739 
=== TEST #306001 ===
  552  2070 -1380  3818     0 
 -480 -1800  1200 -3320     0 
 -336 -1260   840 -2324     0 
 -396 -1485   990 -2739     0 
    0     0     0     0     5 
=== TEST #306002 ===
   -5     0     0     0     0 
    0   552  2070 -1380  3818 
    0  -480 -1800  1200 -3320 
    0  -336 -1260   840 -2324 
    0  -396 -1485   990 -2739 
=== TEST #306003 ===
  552  2070 -1380  3818     0     0     0 
 -480 -1800  1200 -3320     0     0     0 
 -336 -1260   840 -2324     0     0     0 
 -396 -1485   990 -2739     0     0     0 
    0     0     0     0     5     3     3 
    0     0     0     0     3     5     3 
    0     0     0     0     3     3     5 
=== TEST #306004 ===
Pass
=== TEST #306005 ===
Pass
=== TEST #306006 ===
Pass

=== TEST #307000 ===
Pass: matrix_bad_sizes
=== TEST #307001 ===
Pass: matrix_bad_sizes
=== TEST #307002 ===
Pass: matrix_bad_sizes
=== TEST #307003 ===
Pass: matrix_bad_sizes
=== TEST #307004 ===
Pass: matrix_bad_sizes
=== TEST #307005 ===
Pass: matrix_bad_sizes
=== TEST #307006 ===
Pass: matrix_bad_sizes
=== TEST #307007 ===
Pass: matrix_bad_sizes
=== TEST #307008 ===
Pass: matrix_bad_sizes
=== TEST #307009 ===
Pass: matrix_bad_sizes

=== TEST #308000 ===
  324   -78  -276   162   -39  -138 
  504   576  -258   252   288  -129 
 -324    78   276   -54    13    46 
 -504  -576   258   -84   -96    43 
  324   -78  -276  -108    26    92 
  504   576  -258  -168  -192    86 
=== TEST #308001 ===
  324   162   -78   -39  -276  -138 
 -324   -54    78    13   276    46 
  324  -108   -78    26  -276    92 
  504   252   576   288  -258  -129 
 -504   -84  -576   -96   258    43 
  504  -168   576  -192  -258    86 
=== TEST #308002 ===
Pass
=== TEST #308003 ===
Pass
=== TEST #308004 ===
Pass
=== TEST #308005 ===
Pass
=== TEST #308006 ===
Pass
====================
